62 1887 1
2 20762 3 28139 4 27292 5 28070 6 22417 7 27145 8 24545 9 24253 10 27179 11 29154 12 24638 13 28419 14 33041 15 29501 16 27403 17 29348 18 20015 19 28339 20 29337 21 28727 22 30744 23 22978 24 19984 25 28182 26 26906 27 30353 28 27873 29 27506 30 29217 31 24687 32 24549 33 26997 34 29051 35 28957 36 26277 37 23354 38 26020 39 24574 40 24805 41 23178 42 23413 43 24068 44 25534 45 30554 46 26674 47 22596 48 23312 49 29346 50 21307 51 21841 52 28083 53 26256 54 24233 55 25693 56 29880 57 20296 58 23893 59 27962 60 24672 61 24333 62 22556 
1 20762 3 7171 4 5890 5 6984 6 39316 7 29953 8 6826 9 12208 10 5256 11 7626 12 13226 13 7046 14 9479 15 7259 16 4726 17 8459 18 35804 19 7004 20 7422 21 6394 22 9256 23 39316 24 39316 25 39316 26 39316 27 39316 28 39316 29 37765 30 39316 31 39316 32 39316 33 39316 34 39316 35 39316 36 39316 37 37587 38 39316 39 39316 40 39316 41 39316 42 39054 43 37878 44 39316 45 8906 46 39316 47 39316 48 39316 49 7196 50 39316 51 39316 52 39316 53 39316 54 39316 55 39316 56 8135 57 39316 58 39316 59 39316 60 39316 61 39316 62 39316 
1 28139 2 7171 4 39316 5 39316 6 7908 7 21927 8 37639 9 32737 10 39316 11 39316 12 32864 13 39316 14 39316 15 39316 16 39316 17 39316 18 8222 19 39316 20 37730 21 39316 22 39316 23 8207 24 5191 25 15104 26 13215 27 15851 28 15953 29 13021 30 14602 31 13841 32 8730 33 11414 34 15341 35 17563 36 11256 37 8318 38 11503 39 10531 40 11432 41 10624 42 9717 43 13183 44 9684 45 39316 46 11227 47 7631 48 6692 49 39316 50 7067 51 9395 52 13274 53 13665 54 13803 55 11012 56 39316 57 5560 58 10405 59 14225 60 10284 61 12194 62 8046 
1 27292 2 5890 3 39316 5 39316 6 6449 7 21124 8 37584 9 32495 10 39316 11 39316 12 32617 13 39316 14 39316 15 39316 16 39316 17 39316 18 7745 19 39316 20 37666 21 39316 22 39316 23 6661 24 4146 25 12125 26 10437 27 12657 28 12175 29 10620 30 11533 31 10213 32 7217 33 9387 34 12559 35 13397 36 9297 37 6895 38 9463 39 8946 40 9211 41 8726 42 7552 43 10902 44 8290 45 39316 46 9530 47 6363 48 5699 49 39316 50 5598 51 6985 52 10758 53 11023 54 10060 55 9109 56 39316 57 4542 58 8279 59 12082 60 8158 61 10012 62 6150 
1 28070 2 6984 3 39316 4 39316 6 7683 7 21736 8 37625 9 32818 10 39316 11 39316 12 32850 13 39316 14 39316 15 39316 16 39316 17 39316 18 7998 19 39316 20 37696 21 39316 22 39316 23 8417 24 5168 25 14499 26 12936 27 15726 28 15040 29 13198 30 14708 31 13162 32 8699 33 11446 34 14899 35 17061 36 11005 37 8447 38 11239 39 10214 40 10970 41 9236 42 9599 43 12582 44 9565 45 39316 46 10835 47 6677 48 6708 49 39316 50 7026 51 9079 52 13706 53 12628 54 13465 55 10894 56 39316 57 4732 58 9876 59 13600 60 10148 61 11699 62 7438 
1 22417 2 39316 3 7908 4 6449 5 7683 7 28033 8 6740 9 12610 10 5868 11 9370 12 13402 13 8179 14 11962 15 9142 16 6172 17 9487 18 35874 19 7742 20 8593 21 8361 22 11252 23 39316 24 39316 25 39316 26 39316 27 39316 28 39316 29 37933 30 39316 31 39316 32 39316 33 39316 34 39316 35 39316 36 39316 37 37679 38 39316 39 39316 40 39316 41 39316 42 39316 43 37908 44 39316 45 11317 46 39316 47 39316 48 39316 49 9075 50 39316 51 39316 52 39316 53 39316 54 39316 55 39316 56 9773 57 39316 58 39316 59 39316 60 39316 61 39316 62 39316 
1 27145 2 29953 3 21927 4 21124 5 21736 6 28033 8 21702 9 26672 10 20746 11 23182 12 27128 13 23032 14 24285 15 22383 16 20542 17 23549 18 29323 19 21776 20 22692 21 22035 22 24401 23 27716 24 26905 25 30979 26 29951 27 31379 28 30984 29 27599 30 30774 31 29695 32 28013 33 29429 34 31088 35 31552 36 29151 37 25276 38 29432 39 28802 40 29067 41 28995 42 28531 43 30541 44 28578 45 24541 46 29374 47 27474 48 28302 49 22558 50 26923 51 27973 52 30031 53 29998 54 29253 55 29303 56 22819 57 26141 58 28798 59 30768 60 28866 61 29649 62 27259 
1 24545 2 6826 3 37639 4 37584 5 37625 6 6740 7 21702 9 34032 10 37594 11 37620 12 34157 13 37991 14 37707 15 37645 16 37589 17 37724 18 8730 19 37684 20 35883 21 37602 22 37756 23 7597 24 5333 25 12087 26 8358 27 10150 28 10506 30 9609 31 9088 32 7681 33 9534 34 11262 35 11176 36 9474 37 2840 38 10069 39 8721 40 8931 41 9161 42 7707 43 11302 44 8480 45 37728 46 9594 47 7325 48 7206 49 37641 50 6217 51 7841 52 10360 53 10587 54 9179 55 9850 56 37719 57 5674 58 8529 59 11880 60 7177 61 9890 62 6956 
1 24253 2 12208 3 32737 4 32495 5 32818 6 12610 7 26672 8 34032 10 32567 11 33019 12 39316 13 32800 14 33008 15 32743 16 32411 17 33005 18 14207 19 32580 20 30779 21 32721 22 33097 23 12955 24 10967 25 16599 26 15266 27 16872 28 16456 29 12772 30 16370 31 14787 32 13374 33 15146 34 16531 35 16988 36 14666 37 9353 38 15423 39 14063 40 14109 41 13517 42 13530 43 16043 44 13921 45 33217 46 14672 47 12732 48 12784 49 32790 50 11733 51 12914 52 15384 53 15142 54 14517 55 15143 56 32831 57 10752 58 13789 59 16097 60 13919 61 14363 62 12678 
1 27179 2 5256 3 39316 4 39316 5 39316 6 5868 7 20746 8 37594 9 32567 11 39316 12 32693 13 39316 14 39316 15 39316 16 39316 17 39316 18 7028 19 39316 20 37676 21 39316 22 39316 23 8142 24 4334 25 13177 26 11511 27 13928 28 13471 29 12303 30 13658 31 12152 32 7944 33 10393 34 13483 35 14976 36 10139 37 7668 38 10472 39 9076 40 10145 41 8777 42 8080 43 11572 44 8789 45 39316 46 10077 47 6800 49 39316 50 6071 51 8792 52 12057 53 11518 54 12768 55 9890 56 39316 57 4522 58 8686 59 12423 60 8102 61 11058 62 6884 
1 29154 2 7626 3 39316 4 39316 5 39316 6 9370 7 23182 8 37620 9 33019 10 39316 12 33094 13 39316 14 39316 15 39316 16 39316 17 39316 18 9228 19 39316 20 37807 21 39316 22 39316 23 9878 24 5866 25 17029 26 15315 27 19900 28 16712 29 15703 30 18058 31 12560 32 11914 33 15639 34 18267 35 18138 36 14361 37 10207 38 14076 39 12123 40 12566 41 10598 42 10522 43 14229 44 13212 45 39316 46 15005 47 9339 48 10342 49 39316 50 7783 51 8557 52 17119 53 14567 54 11999 55 13370 56 39316 57 6143 58 11266 59 16409 60 12267 61 12143 62 9366 
1 24638 2 13226 3 32864 4 32617 5 32850 6 13402 7 27128 8 34157 9 39316 10 32693 11 33094 13 33289 14 33569 15 32983 16 32577 17 33346 18 14618 19 32857 20 31076 21 32904 22 33441 23 13590 24 11596 25 18176 26 16978 27 18808 28 19005 29 14377 30 18072 31 17257 32 14035 33 15949 34 18415 35 19823 36 15686 37 10779 38 15986 39 15062 40 15658 41 15097 42 14712 43 17225 44 14676 45 33518 46 15685 47 13190 48 13019 49 33053 50 12682 51 14410 52 16997 53 16917 54 17112 55 15623 56 33080 57 11373 58 15092 59 17605 60 15073 61 16279 62 13672 
1 28419 2 7046 3 39316 4 39316 5 39316 6 8179 7 23032 8 37991 9 32800 10 39316 11 39316 12 33289 14 39316 15 39316 16 39316 17 39316 18 8241 19 39316 20 37701 21 39316 22 39316 23 9904 24 5425 25 15048 26 12247 27 14845 28 14160 29 12179 30 13532 31 10413 32 9904 33 11653 34 14136 35 14740 36 9442 37 7635 38 11061 39 11695 40 10146 41 8159 42 9832 43 14363 44 10054 45 39316 46 11297 47 6499 48 9389 49 39316 50 6769 51 7934 52 12355 53 12018 54 10499 55 13157 56 39316 57 4626 58 10517 59 12506 60 10142 61 9789 62 6506 
1 33041 2 9479 3 39316 4 39316 5 39316 6 11962 7 24285 8 37707 9 33008 10 39316 11 39316 12 33569 13 39316 15 39316 16 39316 17 39316 18 8862 19 39316 20 37766 21 39316 22 39316 23 11345 24 6959 25 16804 26 15785 27 19388 28 16826 29 15150 30 17583 31 12313 32 11840 33 14676 34 16591 35 18078 36 12166 37 3720 38 13829 39 13587 40 12178 41 10306 42 12704 43 15110 44 11580 45 39316 46 12928 47 8565 48 13611 49 39316 50 7934 51 9091 52 14578 53 13895 54 12042 55 14883 56 39316 57 5359 58 12786 59 14152 60 14474 61 11158 62 7312 
1 29501 2 7259 3 39316 4 39316 5 39316 6 9142 7 22383 8 37645 9 32743 10 39316 11 39316 12 32983 13 39316 14 39316 16 39316 17 39316 18 7932 19 39316 20 37757 21 39316 22 39316 23 9778 24 6466 25 14727 26 13379 27 16951 28 14060 29 14259 30 15928 31 11093 32 10760 33 13615 34 14484 35 15333 36 11427 37 8709 38 12015 39 11014 40 10933 41 6977 42 11292 43 13369 44 10733 45 39316 46 12084 47 6955 48 9765 49 39316 50 6888 51 8508 52 14195 53 11924 54 11127 55 11510 56 39316 57 5241 58 4848 59 12997 60 11429 61 10471 62 6255 
1 27403 2 4726 3 39316 4 39316 5 39316 6 6172 7 20542 8 37589 9 32411 10 39316 11 39316 12 32577 13 39316 14 39316 15 39316 17 39316 18 6992 19 39316 20 37620 21 39316 22 39316 23 6844 24 4197 25 10483 26 9778 27 12576 28 10102 29 11257 30 12119 31 8008 32 7823 33 10011 34 10388 35 11337 36 7263 37 7778 38 7661 39 8019 40 7425 42 7750 43 10187 44 7425 45 39316 46 8117 48 6661 49 39316 50 4985 51 5986 52 10915 53 7705 54 8103 55 8652 56 39316 57 3333 58 5746 59 9651 60 8113 61 7586 62 5049 
1 29348 2 8459 3 39316 4 39316 5 39316 6 9487 7 23549 8 37724 9 33005 10 39316 11 39316 12 33346 13 39316 14 39316 15 39316 16 39316 18 8665 19 39316 20 37731 21 39316 22 39316 23 10685 24 6539 25 16935 26 14289 27 17304 28 16624 29 13934 30 16166 31 12105 32 10498 33 13318 34 16142 35 17217 36 11444 37 8330 38 12843 39 12785 40 11758 41 10081 42 12086 43 15033 44 10932 45 39316 46 12300 47 8071 48 10938 49 39316 50 7677 51 9548 52 14386 53 13623 54 12050 55 13841 56 39316 57 5243 58 12435 59 14339 60 11972 61 11417 62 6664 
1 20015 2 35804 3 8222 4 7745 5 7998 6 35874 7 29323 8 8730 9 14207 10 7028 11 9228 12 14618 13 8241 14 8862 15 7932 16 6992 17 8665 19 7685 20 9217 21 8380 22 9391 23 35871 24 35725 25 36291 26 36178 27 36342 28 36329 29 34501 30 36316 31 36099 32 33264 33 35893 34 36257 35 36332 36 35953 37 34099 38 36045 39 36004 40 36027 41 35978 42 36072 43 37691 44 35790 45 10375 46 35894 47 35784 48 35956 49 8582 50 35773 51 35969 52 36113 53 36124 54 36057 55 36053 56 8678 57 35674 58 36063 59 36211 60 36035 61 36028 62 35605 
1 28339 2 7004 3 39316 4 39316 5 39316 6 7742 7 21776 8 37684 9 32580 10 39316 11 39316 12 32857 13 39316 14 39316 15 39316 16 39316 17 39316 18 7685 20 37660 21 39316 22 39316 23 8397 24 5934 25 13209 26 11758 27 14227 28 13554 29 11745 30 13382 31 10441 32 8145 33 9420 34 12658 35 14463 36 1993 37 7145 38 8525 39 9956 40 9682 41 9051 42 9647 43 12940 44 7771 45 39316 46 8760 47 5147 48 8956 49 39316 50 6008 51 8019 52 10378 53 11182 54 9867 55 10930 56 39316 57 4490 58 10614 59 11868 60 9827 61 9744 62 5411 
1 29337 2 7422 3 37730 4 37666 5 37696 6 8593 7 22692 8 35883 9 30779 10 37676 11 37807 12 31076 13 37701 14 37766 15 37757 16 37620 17 37731 18 9217 19 37660 21 37742 22 37806 23 9747 24 6697 25 13873 26 12434 27 14733 28 13688 29 13133 30 14207 31 10594 32 10523 33 13819 34 13739 35 14397 36 11315 37 9413 38 11737 39 11700 40 10452 41 8884 42 10503 43 13766 44 10894 45 37855 46 11518 47 8173 48 9728 49 37742 50 7322 51 8511 52 12544 53 11662 54 10625 55 11387 56 37750 57 5750 58 10979 59 12143 60 10647 61 9677 62 6927 
1 28727 2 6394 3 39316 4 39316 5 39316 6 8361 7 22035 8 37602 9 32721 10 39316 11 39316 12 32904 13 39316 14 39316 15 39316 16 39316 17 39316 18 8380 19 39316 20 37742 22 39316 23 8770 24 5247 25 14424 26 13361 27 17174 28 14167 29 14304 30 15864 31 10543 32 11002 33 14696 34 14993 35 15329 36 12226 37 9809 38 12089 39 10592 40 10645 41 7251 42 9811 43 12622 44 11950 45 39316 46 13257 47 6955 48 9272 49 39316 50 6608 51 7321 52 14886 53 12009 54 10150 55 11458 56 39316 57 5048 58 9078 59 13348 60 10896 61 10148 62 7567 
1 30744 2 9256 3 39316 4 39316 5 39316 6 11252 7 24401 8 37756 9 33097 10 39316 11 39316 12 33441 13 39316 14 39316 15 39316 16 39316 17 39316 18 9391 19 39316 20 37806 21 39316 23 12954 24 7837 25 19638 26 17451 27 21380 28 19478 29 17162 30 20375 31 14424 32 12454 33 16988 34 19405 35 20598 36 14462 37 10230 38 15862 39 15145 40 14236 41 11372 42 13851 43 17506 44 13531 45 39316 46 15006 47 9596 48 12989 49 39316 50 8893 51 10980 52 17857 53 16157 54 14271 55 15427 56 39316 57 6404 58 14558 59 17239 60 14539 61 13098 62 1885 
1 22978 2 39316 3 8207 4 6661 5 8417 6 39316 7 27716 8 7597 9 12955 10 8142 11 9878 12 13590 13 9904 14 11345 15 9778 16 6844 17 10685 18 35871 19 8397 20 9747 21 8770 22 12954 24 39316 25 39316 26 39316 27 39316 28 39316 29 37968 30 39316 31 39316 32 39316 33 39316 34 39316 35 39316 36 39316 37 37699 38 39316 39 39316 40 39316 41 39316 42 39316 43 37918 44 39316 45 12861 46 39316 47 39316 48 39316 49 9641 50 39316 51 39316 52 39316 53 39316 54 39316 55 39316 56 16669 57 39316 58 39316 59 39316 60 39316 61 39316 62 39316 
1 19984 2 39316 3 5191 4 4146 5 5168 6 39316 7 26905 8 5333 9 10967 10 4334 11 5866 12 11596 13 5425 14 6959 15 6466 16 4197 17 6539 18 35725 19 5934 20 6697 21 5247 22 7837 23 39316 25 39316 26 39316 27 39316 28 39316 29 37694 30 39316 31 39316 32 39316 33 39316 34 39316 35 39316 36 39316 37 37544 38 39316 39 39316 40 39316 41 39316 42 39316 43 37718 44 39316 45 7261 46 39316 47 39316 48 39316 49 5952 50 39316 51 39316 52 39316 53 39316 54 39316 55 39316 56 6637 57 39316 58 39316 59 39316 60 39316 61 39316 62 39316 
1 28182 2 39316 3 15104 4 12125 5 14499 6 39316 7 30979 8 12087 9 16599 10 13177 11 17029 12 18176 13 15048 14 16804 15 14727 16 10483 17 16935 18 36291 19 13209 20 13873 21 14424 22 19638 23 39316 24 39316 26 39316 27 39316 28 39316 29 38372 30 39316 31 39316 32 39316 33 39316 34 39316 35 39316 36 39316 37 37976 38 39316 39 39316 40 39316 41 39316 42 39316 43 38407 44 39316 45 20846 46 39316 47 39316 48 39316 49 15731 50 39316 51 39316 52 39316 53 39316 54 39316 55 39316 56 16796 57 39316 58 39316 59 39316 60 39316 61 39316 62 39316 
1 26906 2 39316 3 13215 4 10437 5 12936 6 39316 7 29951 8 8358 9 15266 10 11511 11 15315 12 16978 13 12247 14 15785 15 13379 16 9778 17 14289 18 36178 19 11758 20 12434 21 13361 22 17451 23 39316 24 39316 25 39316 27 39316 28 39316 29 38405 30 39316 31 39316 32 39316 33 39316 34 39316 35 39316 36 39316 37 37951 38 39316 39 39316 40 39316 41 39316 42 39316 43 38245 44 39316 45 18258 46 39316 47 39316 48 39316 49 14775 50 39316 51 39316 52 39316 53 39316 54 39316 55 39316 56 15435 57 39316 58 39316 59 39316 60 39316 61 39316 62 39316 
1 30353 2 39316 3 15851 4 12657 5 15726 6 39316 7 31379 8 10150 9 16872 10 13928 11 19900 12 18808 13 14845 14 19388 15 16951 16 12576 17 17304 18 36342 19 14227 20 14733 21 17174 22 21380 23 39316 24 39316 25 39316 26 39316 28 39316 29 39000 30 39316 31 39316 32 39316 33 39316 34 39316 35 39316 36 39316 37 38171 38 39316 39 39316 40 39316 41 39316 42 39316 43 38417 44 39316 45 23175 46 39316 47 39316 48 39316 49 18415 50 39316 51 39316 52 39316 53 39316 54 39316 55 39316 56 18222 57 39316 58 39316 59 39316 60 39316 61 39316 62 39316 
1 27873 2 39316 3 15953 4 12175 5 15040 6 39316 7 30984 8 10506 9 16456 10 13471 11 16712 12 19005 13 14160 14 16826 15 14060 16 10102 17 16624 18 36329 19 13554 20 13688 21 14167 22 19478 23 39316 24 39316 25 39316 26 39316 27 39316 29 38437 30 39316 31 39316 32 39316 33 39316 34 39316 35 39316 36 39316 37 37996 38 39316 39 39316 40 39316 41 39316 42 39316 43 38418 44 39316 45 19884 46 39316 47 39316 48 39316 49 15661 50 39316 51 39316 52 39316 53 39316 54 39316 55 39316 56 17237 57 39316 58 39316 59 39316 60 39316 61 39316 62 39316 
1 27506 2 37765 3 13021 4 10620 5 13198 6 37933 7 27599 9 12772 10 12303 11 15703 12 14377 13 12179 14 15150 15 14259 16 11257 17 13934 18 34501 19 11745 20 13133 21 14304 22 17162 23 37968 24 37694 25 38372 26 38405 27 39000 28 38437 30 38613 31 38142 32 38203 33 38356 34 38534 35 38557 36 38270 37 39316 38 38219 39 38078 40 38117 41 37989 42 38081 43 36824 44 38203 45 18642 46 38263 47 37951 48 38023 49 16047 50 37796 51 37852 52 38332 53 38213 54 38028 55 38206 56 14681 57 37710 58 38067 59 38339 60 38186 61 38059 62 38291 
1 29217 2 39316 3 14602 4 11533 5 14708 6 39316 7 30774 8 9609 9 16370 10 13658 11 18058 12 18072 13 13532 14 17583 15 15928 16 12119 17 16166 18 36316 19 13382 20 14207 21 15864 22 20375 23 39316 24 39316 25 39316 26 39316 27 39316 28 39316 29 38613 31 39316 32 39316 33 39316 34 39316 35 39316 36 39316 37 38030 38 39316 39 39316 40 39316 41 39316 42 39316 43 38324 44 39316 45 21745 46 39316 47 39316 48 39316 49 17606 50 39316 51 39316 52 39316 53 39316 54 39316 55 39316 56 17161 57 39316 58 39316 59 39316 60 39316 61 39316 62 39316 