62 1891 1
2 28092 3 28092 4 28092 5 28092 6 28092 7 28092 8 28092 9 28092 10 28092 11 28092 12 28092 13 28092 14 28092 15 28092 16 28092 17 28092 18 28092 19 28092 20 28092 21 28092 22 28092 23 28092 24 28092 25 28092 26 15451 27 15451 28 28092 29 28092 30 28092 31 26688 32 26688 33 28092 34 28092 35 28092 36 16855 37 28092 38 16855 39 28092 40 28092 41 28092 42 26688 43 28092 44 28092 45 28092 46 28092 47 28092 48 28092 49 28092 50 28092 51 28092 52 28092 53 28092 54 28092 55 28092 56 28092 57 28092 58 28092 59 28092 60 28092 61 28092 62 28092 
1 28092 3 28092 4 28092 5 28092 6 28092 7 28092 8 28092 9 28092 10 28092 11 28092 12 28092 13 28092 14 28092 15 28092 16 28092 17 28092 18 28092 19 28092 20 28092 21 28092 22 28092 23 28092 24 28092 25 28092 26 15451 27 15451 28 28092 29 28092 30 28092 31 26688 32 26688 33 28092 34 28092 35 28092 36 16855 37 28092 38 16855 39 28092 40 28092 41 28092 42 26688 43 28092 44 28092 45 28092 46 28092 47 28092 48 28092 49 28092 50 28092 51 28092 52 28092 53 28092 54 28092 55 28092 56 28092 57 28092 58 28092 59 28092 60 28092 61 28092 62 28092 
1 28092 2 28092 4 28092 5 28092 6 28092 7 28092 8 28092 9 28092 10 28092 11 28092 12 28092 13 28092 14 28092 15 28092 16 28092 17 28092 18 28092 19 28092 20 28092 21 28092 22 28092 23 28092 24 28092 25 28092 26 15451 27 15451 28 28092 29 28092 30 28092 31 26688 32 26688 33 28092 34 28092 35 28092 36 16855 37 28092 38 16855 39 28092 40 28092 41 28092 42 26688 43 28092 44 28092 45 28092 46 28092 47 28092 48 28092 49 28092 50 28092 51 28092 52 28092 53 28092 54 28092 55 28092 56 28092 57 28092 58 28092 59 28092 60 28092 61 28092 62 28092 
1 28092 2 28092 3 28092 5 28092 6 28092 7 28092 8 28092 9 28092 10 28092 11 28092 12 28092 13 28092 14 28092 15 28092 16 28092 17 28092 18 28092 19 28092 20 28092 21 28092 22 28092 23 28092 24 28092 25 28092 26 15451 27 15451 28 28092 29 28092 30 28092 31 26688 32 26688 33 28092 34 28092 35 28092 36 16855 37 28092 38 16855 39 28092 40 28092 41 28092 42 26688 43 28092 44 28092 45 28092 46 28092 47 28092 48 28092 49 28092 50 28092 51 28092 52 28092 53 28092 54 28092 55 28092 56 28092 57 28092 58 28092 59 28092 60 28092 61 28092 62 28092 
1 28092 2 28092 3 28092 4 28092 6 28092 7 28092 8 28092 9 28092 10 28092 11 28092 12 28092 13 28092 14 28092 15 28092 16 28092 17 28092 18 28092 19 28092 20 28092 21 28092 22 28092 23 28092 24 28092 25 28092 26 15451 27 15451 28 28092 29 28092 30 28092 31 26688 32 26688 33 28092 34 28092 35 28092 36 16855 37 28092 38 16855 39 28092 40 28092 41 28092 42 26688 43 28092 44 28092 45 28092 46 28092 47 28092 48 28092 49 28092 50 28092 51 28092 52 28092 53 28092 54 28092 55 28092 56 28092 57 28092 58 28092 59 28092 60 28092 61 28092 62 28092 
1 28092 2 28092 3 28092 4 28092 5 28092 7 28092 8 28092 9 28092 10 28092 11 28092 12 28092 13 28092 14 28092 15 28092 16 28092 17 28092 18 28092 19 28092 20 28092 21 28092 22 28092 23 28092 24 28092 25 28092 26 15451 27 15451 28 28092 29 28092 30 28092 31 26688 32 26688 33 28092 34 28092 35 28092 36 16855 37 28092 38 16855 39 28092 40 28092 41 28092 42 26688 43 28092 44 28092 45 28092 46 28092 47 28092 48 28092 49 28092 50 28092 51 28092 52 28092 53 28092 54 28092 55 28092 56 28092 57 28092 58 28092 59 28092 60 28092 61 28092 62 28092 
1 28092 2 28092 3 28092 4 28092 5 28092 6 28092 8 28092 9 28092 10 28092 11 28092 12 28092 13 28092 14 28092 15 28092 16 28092 17 28092 18 28092 19 28092 20 28092 21 28092 22 28092 23 28092 24 28092 25 28092 26 15451 27 15451 28 28092 29 28092 30 28092 31 26688 32 26688 33 28092 34 28092 35 28092 36 16855 37 28092 38 16855 39 28092 40 28092 41 28092 42 26688 43 28092 44 28092 45 28092 46 28092 47 28092 48 28092 49 28092 50 28092 51 28092 52 28092 53 28092 54 28092 55 28092 56 28092 57 28092 58 28092 59 28092 60 28092 61 28092 62 28092 
1 28092 2 28092 3 28092 4 28092 5 28092 6 28092 7 28092 9 28092 10 28092 11 28092 12 28092 13 28092 14 28092 15 28092 16 28092 17 28092 18 28092 19 28092 20 28092 21 28092 22 28092 23 28092 24 28092 25 28092 26 15451 27 15451 28 28092 29 28092 30 28092 31 26688 32 26688 33 28092 34 28092 35 28092 36 16855 37 28092 38 16855 39 28092 40 28092 41 28092 42 26688 43 28092 44 28092 45 28092 46 28092 47 28092 48 28092 49 28092 50 28092 51 28092 52 28092 53 28092 54 28092 55 28092 56 28092 57 28092 58 28092 59 28092 60 28092 61 28092 62 28092 
1 28092 2 28092 3 28092 4 28092 5 28092 6 28092 7 28092 8 28092 10 28092 11 28092 12 28092 13 28092 14 28092 15 28092 16 28092 17 28092 18 28092 19 28092 20 28092 21 28092 22 28092 23 28092 24 28092 25 28092 26 15451 27 15451 28 28092 29 28092 30 28092 31 26688 32 26688 33 28092 34 28092 35 28092 36 16855 37 28092 38 16855 39 28092 40 28092 41 28092 42 26688 43 28092 44 28092 45 28092 46 28092 47 28092 48 28092 49 28092 50 28092 51 28092 52 28092 53 28092 54 28092 55 28092 56 28092 57 28092 58 28092 59 28092 60 28092 61 28092 62 28092 
1 28092 2 28092 3 28092 4 28092 5 28092 6 28092 7 28092 8 28092 9 28092 11 28092 12 28092 13 28092 14 28092 15 28092 16 28092 17 28092 18 28092 19 28092 20 28092 21 28092 22 28092 23 28092 24 28092 25 28092 26 15451 27 15451 28 28092 29 28092 30 28092 31 26688 32 26688 33 28092 34 28092 35 28092 36 16855 37 28092 38 16855 39 28092 40 28092 41 28092 42 26688 43 28092 44 28092 45 28092 46 28092 47 28092 48 28092 49 28092 50 28092 51 28092 52 28092 53 28092 54 28092 55 28092 56 28092 57 28092 58 28092 59 28092 60 28092 61 28092 62 28092 
1 28092 2 28092 3 28092 4 28092 5 28092 6 28092 7 28092 8 28092 9 28092 10 28092 12 28092 13 28092 14 28092 15 28092 16 28092 17 28092 18 28092 19 28092 20 28092 21 28092 22 28092 23 28092 24 28092 25 28092 26 15451 27 15451 28 28092 29 28092 30 28092 31 26688 32 26688 33 28092 34 28092 35 28092 36 16855 37 28092 38 16855 39 28092 40 28092 41 28092 42 26688 43 28092 44 28092 45 28092 46 28092 47 28092 48 28092 49 28092 50 28092 51 28092 52 28092 53 28092 54 28092 55 28092 56 28092 57 28092 58 28092 59 28092 60 28092 61 28092 62 28092 
1 28092 2 28092 3 28092 4 28092 5 28092 6 28092 7 28092 8 28092 9 28092 10 28092 11 28092 13 28092 14 28092 15 28092 16 28092 17 28092 18 28092 19 28092 20 28092 21 28092 22 28092 23 28092 24 28092 25 28092 26 15451 27 15451 28 28092 29 28092 30 28092 31 26688 32 26688 33 28092 34 28092 35 28092 36 16855 37 28092 38 16855 39 28092 40 28092 41 28092 42 26688 43 28092 44 28092 45 28092 46 28092 47 28092 48 28092 49 28092 50 28092 51 28092 52 28092 53 28092 54 28092 55 28092 56 28092 57 28092 58 28092 59 28092 60 28092 61 28092 62 28092 
1 28092 2 28092 3 28092 4 28092 5 28092 6 28092 7 28092 8 28092 9 28092 10 28092 11 28092 12 28092 14 28092 15 28092 16 28092 17 28092 18 28092 19 28092 20 28092 21 28092 22 28092 23 28092 24 28092 25 28092 26 15451 27 15451 28 28092 29 28092 30 28092 31 26688 32 26688 33 28092 34 28092 35 28092 36 16855 37 28092 38 16855 39 28092 40 28092 41 28092 42 26688 43 28092 44 28092 45 28092 46 28092 47 28092 48 28092 49 28092 50 28092 51 28092 52 28092 53 28092 54 28092 55 28092 56 28092 57 28092 58 28092 59 28092 60 28092 61 28092 62 28092 
1 28092 2 28092 3 28092 4 28092 5 28092 6 28092 7 28092 8 28092 9 28092 10 28092 11 28092 12 28092 13 28092 15 28092 16 28092 17 28092 18 28092 19 28092 20 28092 21 28092 22 28092 23 28092 24 28092 25 28092 26 15451 27 15451 28 28092 29 28092 30 28092 31 26688 32 26688 33 28092 34 28092 35 28092 36 16855 37 28092 38 16855 39 28092 40 28092 41 28092 42 26688 43 28092 44 28092 45 28092 46 28092 47 28092 48 28092 49 28092 50 28092 51 28092 52 28092 53 28092 54 28092 55 28092 56 28092 57 28092 58 28092 59 28092 60 28092 61 28092 62 28092 
1 28092 2 28092 3 28092 4 28092 5 28092 6 28092 7 28092 8 28092 9 28092 10 28092 11 28092 12 28092 13 28092 14 28092 16 28092 17 28092 18 28092 19 28092 20 28092 21 28092 22 28092 23 28092 24 28092 25 28092 26 15451 27 15451 28 28092 29 28092 30 28092 31 26688 32 26688 33 28092 34 28092 35 28092 36 16855 37 28092 38 16855 39 28092 40 28092 41 28092 42 26688 43 28092 44 28092 45 28092 46 28092 47 28092 48 28092 49 28092 50 28092 51 28092 52 28092 53 28092 54 28092 55 28092 56 28092 57 28092 58 28092 59 28092 60 28092 61 28092 62 28092 
1 28092 2 28092 3 28092 4 28092 5 28092 6 28092 7 28092 8 28092 9 28092 10 28092 11 28092 12 28092 13 28092 14 28092 15 28092 17 28092 18 28092 19 28092 20 28092 21 28092 22 28092 23 28092 24 28092 25 28092 26 15451 27 15451 28 28092 29 28092 30 28092 31 26688 32 26688 33 28092 34 28092 35 28092 36 16855 37 28092 38 16855 39 28092 40 28092 41 28092 42 26688 43 28092 44 28092 45 28092 46 28092 47 28092 48 28092 49 28092 50 28092 51 28092 52 28092 53 28092 54 28092 55 28092 56 28092 57 28092 58 28092 59 28092 60 28092 61 28092 62 28092 
1 28092 2 28092 3 28092 4 28092 5 28092 6 28092 7 28092 8 28092 9 28092 10 28092 11 28092 12 28092 13 28092 14 28092 15 28092 16 28092 18 28092 19 28092 20 28092 21 28092 22 28092 23 28092 24 28092 25 28092 26 15451 27 15451 28 28092 29 28092 30 28092 31 26688 32 26688 33 28092 34 28092 35 28092 36 16855 37 28092 38 16855 39 28092 40 28092 41 28092 42 26688 43 28092 44 28092 45 28092 46 28092 47 28092 48 28092 49 28092 50 28092 51 28092 52 28092 53 28092 54 28092 55 28092 56 28092 57 28092 58 28092 59 28092 60 28092 61 28092 62 28092 
1 28092 2 28092 3 28092 4 28092 5 28092 6 28092 7 28092 8 28092 9 28092 10 28092 11 28092 12 28092 13 28092 14 28092 15 28092 16 28092 17 28092 19 28092 20 28092 21 28092 22 28092 23 28092 24 28092 25 28092 26 15451 27 15451 28 28092 29 28092 30 28092 31 26688 32 26688 33 28092 34 28092 35 28092 36 16855 37 28092 38 16855 39 28092 40 28092 41 28092 42 26688 43 28092 44 28092 45 28092 46 28092 47 28092 48 28092 49 28092 50 28092 51 28092 52 28092 53 28092 54 28092 55 28092 56 28092 57 28092 58 28092 59 28092 60 28092 61 28092 62 28092 
1 28092 2 28092 3 28092 4 28092 5 28092 6 28092 7 28092 8 28092 9 28092 10 28092 11 28092 12 28092 13 28092 14 28092 15 28092 16 28092 17 28092 18 28092 20 28092 21 28092 22 28092 23 28092 24 28092 25 28092 26 15451 27 15451 28 28092 29 28092 30 28092 31 26688 32 26688 33 28092 34 28092 35 28092 36 16855 37 28092 38 16855 39 28092 40 28092 41 28092 42 26688 43 28092 44 28092 45 28092 46 28092 47 28092 48 28092 49 28092 50 28092 51 28092 52 28092 53 28092 54 28092 55 28092 56 28092 57 28092 58 28092 59 28092 60 28092 61 28092 62 28092 
1 28092 2 28092 3 28092 4 28092 5 28092 6 28092 7 28092 8 28092 9 28092 10 28092 11 28092 12 28092 13 28092 14 28092 15 28092 16 28092 17 28092 18 28092 19 28092 21 28092 22 28092 23 28092 24 28092 25 28092 26 15451 27 15451 28 28092 29 28092 30 28092 31 26688 32 26688 33 28092 34 28092 35 28092 36 16855 37 28092 38 16855 39 28092 40 28092 41 28092 42 26688 43 28092 44 28092 45 28092 46 28092 47 28092 48 28092 49 28092 50 28092 51 28092 52 28092 53 28092 54 28092 55 28092 56 28092 57 28092 58 28092 59 28092 60 28092 61 28092 62 28092 
1 28092 2 28092 3 28092 4 28092 5 28092 6 28092 7 28092 8 28092 9 28092 10 28092 11 28092 12 28092 13 28092 14 28092 15 28092 16 28092 17 28092 18 28092 19 28092 20 28092 22 28092 23 28092 24 28092 25 28092 26 15451 27 15451 28 28092 29 28092 30 28092 31 26688 32 26688 33 28092 34 28092 35 28092 36 16855 37 28092 38 16855 39 28092 40 28092 41 28092 42 26688 43 28092 44 28092 45 28092 46 28092 47 28092 48 28092 49 28092 50 28092 51 28092 52 28092 53 28092 54 28092 55 28092 56 28092 57 28092 58 28092 59 28092 60 28092 61 28092 62 28092 
1 28092 2 28092 3 28092 4 28092 5 28092 6 28092 7 28092 8 28092 9 28092 10 28092 11 28092 12 28092 13 28092 14 28092 15 28092 16 28092 17 28092 18 28092 19 28092 20 28092 21 28092 23 28092 24 28092 25 28092 26 15451 27 15451 28 28092 29 28092 30 28092 31 26688 32 26688 33 28092 34 28092 35 28092 36 16855 37 28092 38 16855 39 28092 40 28092 41 28092 42 26688 43 28092 44 28092 45 28092 46 28092 47 28092 48 28092 49 28092 50 28092 51 28092 52 28092 53 28092 54 28092 55 28092 56 28092 57 28092 58 28092 59 28092 60 28092 61 28092 62 28092 
1 28092 2 28092 3 28092 4 28092 5 28092 6 28092 7 28092 8 28092 9 28092 10 28092 11 28092 12 28092 13 28092 14 28092 15 28092 16 28092 17 28092 18 28092 19 28092 20 28092 21 28092 22 28092 24 28092 25 28092 26 15451 27 15451 28 28092 29 28092 30 28092 31 26688 32 26688 33 28092 34 28092 35 28092 36 16855 37 28092 38 16855 39 28092 40 28092 41 28092 42 26688 43 28092 44 28092 45 28092 46 28092 47 28092 48 28092 49 28092 50 28092 51 28092 52 28092 53 28092 54 28092 55 28092 56 28092 57 28092 58 28092 59 28092 60 28092 61 28092 62 28092 
1 28092 2 28092 3 28092 4 28092 5 28092 6 28092 7 28092 8 28092 9 28092 10 28092 11 28092 12 28092 13 28092 14 28092 15 28092 16 28092 17 28092 18 28092 19 28092 20 28092 21 28092 22 28092 23 28092 25 28092 26 15451 27 15451 28 28092 29 28092 30 28092 31 26688 32 26688 33 28092 34 28092 35 28092 36 16855 37 28092 38 16855 39 28092 40 28092 41 28092 42 26688 43 28092 44 28092 45 28092 46 28092 47 28092 48 28092 49 28092 50 28092 51 28092 52 28092 53 28092 54 28092 55 28092 56 28092 57 28092 58 28092 59 28092 60 28092 61 28092 62 28092 
1 28092 2 28092 3 28092 4 28092 5 28092 6 28092 7 28092 8 28092 9 28092 10 28092 11 28092 12 28092 13 28092 14 28092 15 28092 16 28092 17 28092 18 28092 19 28092 20 28092 21 28092 22 28092 23 28092 24 28092 26 15451 27 15451 28 28092 29 28092 30 28092 31 26688 32 26688 33 28092 34 28092 35 28092 36 16855 37 28092 38 16855 39 28092 40 28092 41 28092 42 26688 43 28092 44 28092 45 28092 46 28092 47 28092 48 28092 49 28092 50 28092 51 28092 52 28092 53 28092 54 28092 55 28092 56 28092 57 28092 58 28092 59 28092 60 28092 61 28092 62 28092 
1 15451 2 15451 3 15451 4 15451 5 15451 6 15451 7 15451 8 15451 9 15451 10 15451 11 15451 12 15451 13 15451 14 15451 15 15451 16 15451 17 15451 18 15451 19 15451 20 15451 21 15451 22 15451 23 15451 24 15451 25 15451 27 28092 28 15451 29 15451 30 15451 31 14046 32 14046 33 15451 34 15451 35 15451 36 4214 37 15451 38 4214 39 15451 40 15451 41 15451 42 14046 43 15451 44 15451 45 15451 46 15451 47 15451 48 15451 49 15451 50 15451 51 15451 52 15451 53 15451 54 15451 55 15451 56 15451 57 15451 58 15451 59 15451 60 15451 61 15451 62 15451 
1 15451 2 15451 3 15451 4 15451 5 15451 6 15451 7 15451 8 15451 9 15451 10 15451 11 15451 12 15451 13 15451 14 15451 15 15451 16 15451 17 15451 18 15451 19 15451 20 15451 21 15451 22 15451 23 15451 24 15451 25 15451 26 28092 28 15451 29 15451 30 15451 31 14046 32 14046 33 15451 34 15451 35 15451 36 4214 37 15451 38 4214 39 15451 40 15451 41 15451 42 14046 43 15451 44 15451 45 15451 46 15451 47 15451 48 15451 49 15451 50 15451 51 15451 52 15451 53 15451 54 15451 55 15451 56 15451 57 15451 58 15451 59 15451 60 15451 61 15451 62 15451 
1 28092 2 28092 3 28092 4 28092 5 28092 6 28092 7 28092 8 28092 9 28092 10 28092 11 28092 12 28092 13 28092 14 28092 15 28092 16 28092 17 28092 18 28092 19 28092 20 28092 21 28092 22 28092 23 28092 24 28092 25 28092 26 15451 27 15451 29 28092 30 28092 31 26688 32 26688 33 28092 34 28092 35 28092 36 16855 37 28092 38 16855 39 28092 40 28092 41 28092 42 26688 43 28092 44 28092 45 28092 46 28092 47 28092 48 28092 49 28092 50 28092 51 28092 52 28092 53 28092 54 28092 55 28092 56 28092 57 28092 58 28092 59 28092 60 28092 61 28092 62 28092 
1 28092 2 28092 3 28092 4 28092 5 28092 6 28092 7 28092 8 28092 9 28092 10 28092 11 28092 12 28092 13 28092 14 28092 15 28092 16 28092 17 28092 18 28092 19 28092 20 28092 21 28092 22 28092 23 28092 24 28092 25 28092 26 15451 27 15451 28 28092 30 28092 31 26688 32 26688 33 28092 34 28092 35 28092 36 16855 37 28092 38 16855 39 28092 40 28092 41 28092 42 26688 43 28092 44 28092 45 28092 46 28092 47 28092 48 28092 49 28092 50 28092 51 28092 52 28092 53 28092 54 28092 55 28092 56 28092 57 28092 58 28092 59 28092 60 28092 61 28092 62 28092 
1 28092 2 28092 3 28092 4 28092 5 28092 6 28092 7 28092 8 28092 9 28092 10 28092 11 28092 12 28092 13 28092 14 28092 15 28092 16 28092 17 28092 18 28092 19 28092 20 28092 21 28092 22 28092 23 28092 24 28092 25 28092 26 15451 27 15451 28 28092 29 28092 31 26688 32 26688 33 28092 34 28092 35 28092 36 16855 37 28092 38 16855 39 28092 40 28092 41 28092 42 26688 43 28092 44 28092 45 28092 46 28092 47 28092 48 28092 49 28092 50 28092 51 28092 52 28092 53 28092 54 28092 55 28092 56 28092 57 28092 58 28092 59 28092 60 28092 61 28092 62 28092 
1 26688 2 26688 3 26688 4 26688 5 26688 6 26688 7 26688 8 26688 9 26688 10 26688 11 26688 12 26688 13 26688 14 26688 15 26688 16 26688 17 26688 18 26688 19 26688 20 26688 21 26688 22 26688 23 26688 24 26688 25 26688 26 14046 27 14046 28 26688 29 26688 30 26688 32 25283 33 26688 34 26688 35 26688 36 15451 37 26688 38 15451 39 26688 40 26688 41 26688 42 25283 43 26688 44 26688 45 26688 46 26688 47 26688 48 26688 49 26688 50 26688 51 26688 52 26688 53 26688 54 26688 55 26688 56 26688 57 26688 58 26688 59 26688 60 26688 61 26688 62 26688 
1 26688 2 26688 3 26688 4 26688 5 26688 6 26688 7 26688 8 26688 9 26688 10 26688 11 26688 12 26688 13 26688 14 26688 15 26688 16 26688 17 26688 18 26688 19 26688 20 26688 21 26688 22 26688 23 26688 24 26688 25 26688 26 14046 27 14046 28 26688 29 26688 30 26688 31 25283 33 26688 34 26688 35 26688 36 15451 37 26688 38 15451 39 26688 40 26688 41 26688 42 25283 43 26688 44 26688 45 26688 46 26688 47 26688 48 26688 49 26688 50 26688 51 26688 52 26688 53 26688 54 26688 55 26688 56 26688 57 26688 58 26688 59 26688 60 26688 61 26688 62 26688 
1 28092 2 28092 3 28092 4 28092 5 28092 6 28092 7 28092 8 28092 9 28092 10 28092 11 28092 12 28092 13 28092 14 28092 15 28092 16 28092 17 28092 18 28092 19 28092 20 28092 21 28092 22 28092 23 28092 24 28092 25 28092 26 15451 27 15451 28 28092 29 28092 30 28092 31 26688 32 26688 34 28092 35 28092 36 16855 37 28092 38 16855 39 28092 40 28092 41 28092 42 26688 43 28092 44 28092 45 28092 46 28092 47 28092 48 28092 49 28092 50 28092 51 28092 52 28092 53 28092 54 28092 55 28092 56 28092 57 28092 58 28092 59 28092 60 28092 61 28092 62 28092 
1 28092 2 28092 3 28092 4 28092 5 28092 6 28092 7 28092 8 28092 9 28092 10 28092 11 28092 12 28092 13 28092 14 28092 15 28092 16 28092 17 28092 18 28092 19 28092 20 28092 21 28092 22 28092 23 28092 24 28092 25 28092 26 15451 27 15451 28 28092 29 28092 30 28092 31 26688 32 26688 33 28092 35 28092 36 16855 37 28092 38 16855 39 28092 40 28092 41 28092 42 26688 43 28092 44 28092 45 28092 46 28092 47 28092 48 28092 49 28092 50 28092 51 28092 52 28092 53 28092 54 28092 55 28092 56 28092 57 28092 58 28092 59 28092 60 28092 61 28092 62 28092 
1 28092 2 28092 3 28092 4 28092 5 28092 6 28092 7 28092 8 28092 9 28092 10 28092 11 28092 12 28092 13 28092 14 28092 15 28092 16 28092 17 28092 18 28092 19 28092 20 28092 21 28092 22 28092 23 28092 24 28092 25 28092 26 15451 27 15451 28 28092 29 28092 30 28092 31 26688 32 26688 33 28092 34 28092 36 16855 37 28092 38 16855 39 28092 40 28092 41 28092 42 26688 43 28092 44 28092 45 28092 46 28092 47 28092 48 28092 49 28092 50 28092 51 28092 52 28092 53 28092 54 28092 55 28092 56 28092 57 28092 58 28092 59 28092 60 28092 61 28092 62 28092 
1 16855 2 16855 3 16855 4 16855 5 16855 6 16855 7 16855 8 16855 9 16855 10 16855 11 16855 12 16855 13 16855 14 16855 15 16855 16 16855 17 16855 18 16855 19 16855 20 16855 21 16855 22 16855 23 16855 24 16855 25 16855 26 4214 27 4214 28 16855 29 16855 30 16855 31 15451 32 15451 33 16855 34 16855 35 16855 37 16855 38 28092 39 16855 40 16855 41 16855 42 15451 43 16855 44 16855 45 16855 46 16855 47 16855 48 16855 49 16855 50 16855 51 16855 52 16855 53 16855 54 16855 55 16855 56 16855 57 16855 58 16855 59 16855 60 16855 61 16855 62 16855 
1 28092 2 28092 3 28092 4 28092 5 28092 6 28092 7 28092 8 28092 9 28092 10 28092 11 28092 12 28092 13 28092 14 28092 15 28092 16 28092 17 28092 18 28092 19 28092 20 28092 21 28092 22 28092 23 28092 24 28092 25 28092 26 15451 27 15451 28 28092 29 28092 30 28092 31 26688 32 26688 33 28092 34 28092 35 28092 36 16855 38 16855 39 28092 40 28092 41 28092 42 26688 43 28092 44 28092 45 28092 46 28092 47 28092 48 28092 49 28092 50 28092 51 28092 52 28092 53 28092 54 28092 55 28092 56 28092 57 28092 58 28092 59 28092 60 28092 61 28092 62 28092 
1 16855 2 16855 3 16855 4 16855 5 16855 6 16855 7 16855 8 16855 9 16855 10 16855 11 16855 12 16855 13 16855 14 16855 15 16855 16 16855 17 16855 18 16855 19 16855 20 16855 21 16855 22 16855 23 16855 24 16855 25 16855 26 4214 27 4214 28 16855 29 16855 30 16855 31 15451 32 15451 33 16855 34 16855 35 16855 36 28092 37 16855 39 16855 40 16855 41 16855 42 15451 43 16855 44 16855 45 16855 46 16855 47 16855 48 16855 49 16855 50 16855 51 16855 52 16855 53 16855 54 16855 55 16855 56 16855 57 16855 58 16855 59 16855 60 16855 61 16855 62 16855 
1 28092 2 28092 3 28092 4 28092 5 28092 6 28092 7 28092 8 28092 9 28092 10 28092 11 28092 12 28092 13 28092 14 28092 15 28092 16 28092 17 28092 18 28092 19 28092 20 28092 21 28092 22 28092 23 28092 24 28092 25 28092 26 15451 27 15451 28 28092 29 28092 30 28092 31 26688 32 26688 33 28092 34 28092 35 28092 36 16855 37 28092 38 16855 40 28092 41 28092 42 26688 43 28092 44 28092 45 28092 46 28092 47 28092 48 28092 49 28092 50 28092 51 28092 52 28092 53 28092 54 28092 55 28092 56 28092 57 28092 58 28092 59 28092 60 28092 61 28092 62 28092 
1 28092 2 28092 3 28092 4 28092 5 28092 6 28092 7 28092 8 28092 9 28092 10 28092 11 28092 12 28092 13 28092 14 28092 15 28092 16 28092 17 28092 18 28092 19 28092 20 28092 21 28092 22 28092 23 28092 24 28092 25 28092 26 15451 27 15451 28 28092 29 28092 30 28092 31 26688 32 26688 33 28092 34 28092 35 28092 36 16855 37 28092 38 16855 39 28092 41 28092 42 26688 43 28092 44 28092 45 28092 46 28092 47 28092 48 28092 49 28092 50 28092 51 28092 52 28092 53 28092 54 28092 55 28092 56 28092 57 28092 58 28092 59 28092 60 28092 61 28092 62 28092 
1 28092 2 28092 3 28092 4 28092 5 28092 6 28092 7 28092 8 28092 9 28092 10 28092 11 28092 12 28092 13 28092 14 28092 15 28092 16 28092 17 28092 18 28092 19 28092 20 28092 21 28092 22 28092 23 28092 24 28092 25 28092 26 15451 27 15451 28 28092 29 28092 30 28092 31 26688 32 26688 33 28092 34 28092 35 28092 36 16855 37 28092 38 16855 39 28092 40 28092 42 26688 43 28092 44 28092 45 28092 46 28092 47 28092 48 28092 49 28092 50 28092 51 28092 52 28092 53 28092 54 28092 55 28092 56 28092 57 28092 58 28092 59 28092 60 28092 61 28092 62 28092 
1 26688 2 26688 3 26688 4 26688 5 26688 6 26688 7 26688 8 26688 9 26688 10 26688 11 26688 12 26688 13 26688 14 26688 15 26688 16 26688 17 26688 18 26688 19 26688 20 26688 21 26688 22 26688 23 26688 24 26688 25 26688 26 14046 27 14046 28 26688 29 26688 30 26688 31 25283 32 25283 33 26688 34 26688 35 26688 36 15451 37 26688 38 15451 39 26688 40 26688 41 26688 43 26688 44 26688 45 26688 46 26688 47 26688 48 26688 49 26688 50 26688 51 26688 52 26688 53 26688 54 26688 55 26688 56 26688 57 26688 58 26688 59 26688 60 26688 61 26688 62 26688 
1 28092 2 28092 3 28092 4 28092 5 28092 6 28092 7 28092 8 28092 9 28092 10 28092 11 28092 12 28092 13 28092 14 28092 15 28092 16 28092 17 28092 18 28092 19 28092 20 28092 21 28092 22 28092 23 28092 24 28092 25 28092 26 15451 27 15451 28 28092 29 28092 30 28092 31 26688 32 26688 33 28092 34 28092 35 28092 36 16855 37 28092 38 16855 39 28092 40 28092 41 28092 42 26688 44 28092 45 28092 46 28092 47 28092 48 28092 49 28092 50 28092 51 28092 52 28092 53 28092 54 28092 55 28092 56 28092 57 28092 58 28092 59 28092 60 28092 61 28092 62 28092 
1 28092 2 28092 3 28092 4 28092 5 28092 6 28092 7 28092 8 28092 9 28092 10 28092 11 28092 12 28092 13 28092 14 28092 15 28092 16 28092 17 28092 18 28092 19 28092 20 28092 21 28092 22 28092 23 28092 24 28092 25 28092 26 15451 27 15451 28 28092 29 28092 30 28092 31 26688 32 26688 33 28092 34 28092 35 28092 36 16855 37 28092 38 16855 39 28092 40 28092 41 28092 42 26688 43 28092 45 28092 46 28092 47 28092 48 28092 49 28092 50 28092 51 28092 52 28092 53 28092 54 28092 55 28092 56 28092 57 28092 58 28092 59 28092 60 28092 61 28092 62 28092 
1 28092 2 28092 3 28092 4 28092 5 28092 6 28092 7 28092 8 28092 9 28092 10 28092 11 28092 12 28092 13 28092 14 28092 15 28092 16 28092 17 28092 18 28092 19 28092 20 28092 21 28092 22 28092 23 28092 24 28092 25 28092 26 15451 27 15451 28 28092 29 28092 30 28092 31 26688 32 26688 33 28092 34 28092 35 28092 36 16855 37 28092 38 16855 39 28092 40 28092 41 28092 42 26688 43 28092 44 28092 46 28092 47 28092 48 28092 49 28092 50 28092 51 28092 52 28092 53 28092 54 28092 55 28092 56 28092 57 28092 58 28092 59 28092 60 28092 61 28092 62 28092 
1 28092 2 28092 3 28092 4 28092 5 28092 6 28092 7 28092 8 28092 9 28092 10 28092 11 28092 12 28092 13 28092 14 28092 15 28092 16 28092 17 28092 18 28092 19 28092 20 28092 21 28092 22 28092 23 28092 24 28092 25 28092 26 15451 27 15451 28 28092 29 28092 30 28092 31 26688 32 26688 33 28092 34 28092 35 28092 36 16855 37 28092 38 16855 39 28092 40 28092 41 28092 42 26688 43 28092 44 28092 45 28092 47 28092 48 28092 49 28092 50 28092 51 28092 52 28092 53 28092 54 28092 55 28092 56 28092 57 28092 58 28092 59 28092 60 28092 61 28092 62 28092 
1 28092 2 28092 3 28092 4 28092 5 28092 6 28092 7 28092 8 28092 9 28092 10 28092 11 28092 12 28092 13 28092 14 28092 15 28092 16 28092 17 28092 18 28092 19 28092 20 28092 21 28092 22 28092 23 28092 24 28092 25 28092 26 15451 27 15451 28 28092 29 28092 30 28092 31 26688 32 26688 33 28092 34 28092 35 28092 36 16855 37 28092 38 16855 39 28092 40 28092 41 28092 42 26688 43 28092 44 28092 45 28092 46 28092 48 28092 49 28092 50 28092 51 28092 52 28092 53 28092 54 28092 55 28092 56 28092 57 28092 58 28092 59 28092 60 28092 61 28092 62 28092 
1 28092 2 28092 3 28092 4 28092 5 28092 6 28092 7 28092 8 28092 9 28092 10 28092 11 28092 12 28092 13 28092 14 28092 15 28092 16 28092 17 28092 18 28092 19 28092 20 28092 21 28092 22 28092 23 28092 24 28092 25 28092 26 15451 27 15451 28 28092 29 28092 30 28092 31 26688 32 26688 33 28092 34 28092 35 28092 36 16855 37 28092 38 16855 39 28092 40 28092 41 28092 42 26688 43 28092 44 28092 45 28092 46 28092 47 28092 49 28092 50 28092 51 28092 52 28092 53 28092 54 28092 55 28092 56 28092 57 28092 58 28092 59 28092 60 28092 61 28092 62 28092 
1 28092 2 28092 3 28092 4 28092 5 28092 6 28092 7 28092 8 28092 9 28092 10 28092 11 28092 12 28092 13 28092 14 28092 15 28092 16 28092 17 28092 18 28092 19 28092 20 28092 21 28092 22 28092 23 28092 24 28092 25 28092 26 15451 27 15451 28 28092 29 28092 30 28092 31 26688 32 26688 33 28092 34 28092 35 28092 36 16855 37 28092 38 16855 39 28092 40 28092 41 28092 42 26688 43 28092 44 28092 45 28092 46 28092 47 28092 48 28092 50 28092 51 28092 52 28092 53 28092 54 28092 55 28092 56 28092 57 28092 58 28092 59 28092 60 28092 61 28092 62 28092 
1 28092 2 28092 3 28092 4 28092 5 28092 6 28092 7 28092 8 28092 9 28092 10 28092 11 28092 12 28092 13 28092 14 28092 15 28092 16 28092 17 28092 18 28092 19 28092 20 28092 21 28092 22 28092 23 28092 24 28092 25 28092 26 15451 27 15451 28 28092 29 28092 30 28092 31 26688 32 26688 33 28092 34 28092 35 28092 36 16855 37 28092 38 16855 39 28092 40 28092 41 28092 42 26688 43 28092 44 28092 45 28092 46 28092 47 28092 48 28092 49 28092 51 28092 52 28092 53 28092 54 28092 55 28092 56 28092 57 28092 58 28092 59 28092 60 28092 61 28092 62 28092 
1 28092 2 28092 3 28092 4 28092 5 28092 6 28092 7 28092 8 28092 9 28092 10 28092 11 28092 12 28092 13 28092 14 28092 15 28092 16 28092 17 28092 18 28092 19 28092 20 28092 21 28092 22 28092 23 28092 24 28092 25 28092 26 15451 27 15451 28 28092 29 28092 30 28092 31 26688 32 26688 33 28092 34 28092 35 28092 36 16855 37 28092 38 16855 39 28092 40 28092 41 28092 42 26688 43 28092 44 28092 45 28092 46 28092 47 28092 48 28092 49 28092 50 28092 52 28092 53 28092 54 28092 55 28092 56 28092 57 28092 58 28092 59 28092 60 28092 61 28092 62 28092 
1 28092 2 28092 3 28092 4 28092 5 28092 6 28092 7 28092 8 28092 9 28092 10 28092 11 28092 12 28092 13 28092 14 28092 15 28092 16 28092 17 28092 18 28092 19 28092 20 28092 21 28092 22 28092 23 28092 24 28092 25 28092 26 15451 27 15451 28 28092 29 28092 30 28092 31 26688 32 26688 33 28092 34 28092 35 28092 36 16855 37 28092 38 16855 39 28092 40 28092 41 28092 42 26688 43 28092 44 28092 45 28092 46 28092 47 28092 48 28092 49 28092 50 28092 51 28092 53 28092 54 28092 55 28092 56 28092 57 28092 58 28092 59 28092 60 28092 61 28092 62 28092 
1 28092 2 28092 3 28092 4 28092 5 28092 6 28092 7 28092 8 28092 9 28092 10 28092 11 28092 12 28092 13 28092 14 28092 15 28092 16 28092 17 28092 18 28092 19 28092 20 28092 21 28092 22 28092 23 28092 24 28092 25 28092 26 15451 27 15451 28 28092 29 28092 30 28092 31 26688 32 26688 33 28092 34 28092 35 28092 36 16855 37 28092 38 16855 39 28092 40 28092 41 28092 42 26688 43 28092 44 28092 45 28092 46 28092 47 28092 48 28092 49 28092 50 28092 51 28092 52 28092 54 28092 55 28092 56 28092 57 28092 58 28092 59 28092 60 28092 61 28092 62 28092 
1 28092 2 28092 3 28092 4 28092 5 28092 6 28092 7 28092 8 28092 9 28092 10 28092 11 28092 12 28092 13 28092 14 28092 15 28092 16 28092 17 28092 18 28092 19 28092 20 28092 21 28092 22 28092 23 28092 24 28092 25 28092 26 15451 27 15451 28 28092 29 28092 30 28092 31 26688 32 26688 33 28092 34 28092 35 28092 36 16855 37 28092 38 16855 39 28092 40 28092 41 28092 42 26688 43 28092 44 28092 45 28092 46 28092 47 28092 48 28092 49 28092 50 28092 51 28092 52 28092 53 28092 55 28092 56 28092 57 28092 58 28092 59 28092 60 28092 61 28092 62 28092 
1 28092 2 28092 3 28092 4 28092 5 28092 6 28092 7 28092 8 28092 9 28092 10 28092 11 28092 12 28092 13 28092 14 28092 15 28092 16 28092 17 28092 18 28092 19 28092 20 28092 21 28092 22 28092 23 28092 24 28092 25 28092 26 15451 27 15451 28 28092 29 28092 30 28092 31 26688 32 26688 33 28092 34 28092 35 28092 36 16855 37 28092 38 16855 39 28092 40 28092 41 28092 42 26688 43 28092 44 28092 45 28092 46 28092 47 28092 48 28092 49 28092 50 28092 51 28092 52 28092 53 28092 54 28092 56 28092 57 28092 58 28092 59 28092 60 28092 61 28092 62 28092 
1 28092 2 28092 3 28092 4 28092 5 28092 6 28092 7 28092 8 28092 9 28092 10 28092 11 28092 12 28092 13 28092 14 28092 15 28092 16 28092 17 28092 18 28092 19 28092 20 28092 21 28092 22 28092 23 28092 24 28092 25 28092 26 15451 27 15451 28 28092 29 28092 30 28092 31 26688 32 26688 33 28092 34 28092 35 28092 36 16855 37 28092 38 16855 39 28092 40 28092 41 28092 42 26688 43 28092 44 28092 45 28092 46 28092 47 28092 48 28092 49 28092 50 28092 51 28092 52 28092 53 28092 54 28092 55 28092 57 28092 58 28092 59 28092 60 28092 61 28092 62 28092 
1 28092 2 28092 3 28092 4 28092 5 28092 6 28092 7 28092 8 28092 9 28092 10 28092 11 28092 12 28092 13 28092 14 28092 15 28092 16 28092 17 28092 18 28092 19 28092 20 28092 21 28092 22 28092 23 28092 24 28092 25 28092 26 15451 27 15451 28 28092 29 28092 30 28092 31 26688 32 26688 33 28092 34 28092 35 28092 36 16855 37 28092 38 16855 39 28092 40 28092 41 28092 42 26688 43 28092 44 28092 45 28092 46 28092 47 28092 48 28092 49 28092 50 28092 51 28092 52 28092 53 28092 54 28092 55 28092 56 28092 58 28092 59 28092 60 28092 61 28092 62 28092 
1 28092 2 28092 3 28092 4 28092 5 28092 6 28092 7 28092 8 28092 9 28092 10 28092 11 28092 12 28092 13 28092 14 28092 15 28092 16 28092 17 28092 18 28092 19 28092 20 28092 21 28092 22 28092 23 28092 24 28092 25 28092 26 15451 27 15451 28 28092 29 28092 30 28092 31 26688 32 26688 33 28092 34 28092 35 28092 36 16855 37 28092 38 16855 39 28092 40 28092 41 28092 42 26688 43 28092 44 28092 45 28092 46 28092 47 28092 48 28092 49 28092 50 28092 51 28092 52 28092 53 28092 54 28092 55 28092 56 28092 57 28092 59 28092 60 28092 61 28092 62 28092 
1 28092 2 28092 3 28092 4 28092 5 28092 6 28092 7 28092 8 28092 9 28092 10 28092 11 28092 12 28092 13 28092 14 28092 15 28092 16 28092 17 28092 18 28092 19 28092 20 28092 21 28092 22 28092 23 28092 24 28092 25 28092 26 15451 27 15451 28 28092 29 28092 30 28092 31 26688 32 26688 33 28092 34 28092 35 28092 36 16855 37 28092 38 16855 39 28092 40 28092 41 28092 42 26688 43 28092 44 28092 45 28092 46 28092 47 28092 48 28092 49 28092 50 28092 51 28092 52 28092 53 28092 54 28092 55 28092 56 28092 57 28092 58 28092 60 28092 61 28092 62 28092 
1 28092 2 28092 3 28092 4 28092 5 28092 6 28092 7 28092 8 28092 9 28092 10 28092 11 28092 12 28092 13 28092 14 28092 15 28092 16 28092 17 28092 18 28092 19 28092 20 28092 21 28092 22 28092 23 28092 24 28092 25 28092 26 15451 27 15451 28 28092 29 28092 30 28092 31 26688 32 26688 33 28092 34 28092 35 28092 36 16855 37 28092 38 16855 39 28092 40 28092 41 28092 42 26688 43 28092 44 28092 45 28092 46 28092 47 28092 48 28092 49 28092 50 28092 51 28092 52 28092 53 28092 54 28092 55 28092 56 28092 57 28092 58 28092 59 28092 61 28092 62 28092 
1 28092 2 28092 3 28092 4 28092 5 28092 6 28092 7 28092 8 28092 9 28092 10 28092 11 28092 12 28092 13 28092 14 28092 15 28092 16 28092 17 28092 18 28092 19 28092 20 28092 21 28092 22 28092 23 28092 24 28092 25 28092 26 15451 27 15451 28 28092 29 28092 30 28092 31 26688 32 26688 33 28092 34 28092 35 28092 36 16855 37 28092 38 16855 39 28092 40 28092 41 28092 42 26688 43 28092 44 28092 45 28092 46 28092 47 28092 48 28092 49 28092 50 28092 51 28092 52 28092 53 28092 54 28092 55 28092 56 28092 57 28092 58 28092 59 28092 60 28092 62 28092 
1 28092 2 28092 3 28092 4 28092 5 28092 6 28092 7 28092 8 28092 9 28092 10 28092 11 28092 12 28092 13 28092 14 28092 15 28092 16 28092 17 28092 18 28092 19 28092 20 28092 21 28092 22 28092 23 28092 24 28092 25 28092 26 15451 27 15451 28 28092 29 28092 30 28092 31 26688 32 26688 33 28092 34 28092 35 28092 36 16855 37 28092 38 16855 39 28092 40 28092 41 28092 42 26688 43 28092 44 28092 45 28092 46 28092 47 28092 48 28092 49 28092 50 28092 51 28092 52 28092 53 28092 54 28092 55 28092 56 28092 57 28092 58 28092 59 28092 60 28092 61 28092 
