42 859 1
2 81585 3 85609 4 85631 5 63546 6 89300 7 89083 8 66305 9 94571 10 80509 11 53191 12 46836 13 51750 14 71563 15 62962 16 38994 17 74580 18 87305 19 54736 20 47240 21 96348 22 89895 23 91773 24 91824 25 92151 26 89417 27 91084 28 91210 29 90501 30 80761 31 39914 32 15671 33 48991 34 37439 35 53089 36 60137 37 22906 38 39792 39 32920 40 79058 41 29570 42 52239 
1 81585 3 100135 4 97335 5 93441 6 99786 7 99171 8 95211 9 88359 10 101222 11 75891 12 68311 13 74638 14 84546 15 80466 16 66337 17 83161 18 61846 19 76136 20 73406 21 65196 22 50713 23 54345 24 54674 25 57892 26 45544 27 54255 28 54454 29 52225 30 33275 31 62222 32 15819 33 74904 34 62526 35 90809 36 72263 37 22938 38 71036 39 57308 40 101222 41 55220 42 71955 
1 85609 2 100135 4 99440 5 95085 6 101222 7 101222 8 98905 9 91457 10 99481 11 73907 12 66065 13 72527 14 84399 15 78500 16 62688 17 82947 18 65779 19 74318 20 70920 21 70008 22 55768 23 59683 24 59879 25 62567 26 51322 27 59264 28 59255 29 57291 30 39122 31 62790 32 16374 33 72744 34 59847 35 87550 36 69783 37 22950 38 67850 39 54902 40 99280 41 51545 42 70351 
1 85631 2 97335 3 99440 5 91402 6 99643 7 99082 8 95046 9 92496 10 97058 11 70995 12 63807 13 69854 14 80092 15 75691 16 61527 17 80153 18 67977 19 71450 20 68218 21 74094 22 59211 23 63208 24 63651 25 65510 26 57134 27 62266 28 62859 29 60801 30 43950 31 57332 32 14298 33 66879 34 53694 35 83370 36 69425 37 22087 38 65631 39 53523 40 96614 41 50105 42 67839 
1 63546 2 93441 3 95085 4 91402 6 95349 7 94540 8 97313 9 77468 10 91440 11 57853 12 50799 13 56634 14 63912 15 60074 16 49996 17 62751 18 51570 19 57729 20 55799 21 46410 22 38938 23 40935 24 40975 25 42574 26 36204 27 40824 28 40736 29 39712 30 30054 31 66101 32 9015 33 72898 34 59276 35 76245 36 56711 37 10632 38 55901 39 41503 40 91051 41 40032 42 52932 
1 89300 2 99786 3 101222 4 99643 5 95349 7 101222 8 98472 9 92678 10 100179 11 75635 12 68093 13 74231 14 86373 15 81193 16 64765 17 85838 18 69642 19 76069 20 72428 21 79263 22 61447 23 66467 24 66865 25 69095 26 58402 27 65231 28 65987 29 63392 30 43594 31 63195 32 17076 33 73043 34 60525 35 87815 36 72047 37 24708 38 68442 39 56172 40 99415 41 52688 42 72279 
1 89083 2 99171 3 101222 4 99082 5 94540 6 101222 8 98079 9 90077 10 99034 11 70678 12 63587 13 69585 14 79552 15 75666 16 61732 17 79810 18 64792 19 71152 20 68005 21 69032 22 54985 23 58366 24 59245 25 61773 26 50126 27 58497 28 58070 29 56406 30 37597 31 61135 32 14002 33 70005 34 57029 35 86919 36 68862 37 21856 38 66070 39 53203 40 98883 41 50050 42 67189 
1 66305 2 95211 3 98905 4 95046 5 97313 6 98472 7 98079 9 82024 10 95032 11 61689 12 54273 13 60776 14 67898 15 64671 16 55655 17 66964 18 53175 19 61927 20 60061 21 49000 22 40996 23 43274 24 43277 25 45021 26 38244 27 43080 28 42979 29 41892 30 31045 31 62243 32 9536 33 69631 34 56314 35 81040 36 62226 38 60852 39 47517 40 94778 41 44652 42 57298 
1 94571 2 88359 3 91457 4 92496 5 77468 6 92678 7 90077 8 82024 10 87619 11 60599 12 56173 13 59496 14 71654 15 66397 16 50077 17 72584 18 78663 19 61394 20 57181 21 80944 22 70520 23 73096 24 73701 25 75090 26 67465 27 72751 28 72649 29 71412 30 54291 31 44630 32 13376 33 58851 34 44904 35 68379 36 65344 37 21534 38 54351 39 44515 40 86669 41 41099 42 60088 
1 80509 2 101222 3 99481 4 97058 5 91440 6 100179 7 99034 8 95032 9 87619 11 74739 12 67055 13 72998 14 83223 15 78360 16 59302 17 81883 18 60118 19 74714 20 72445 21 63416 22 49915 23 53653 24 53647 25 56516 26 45045 27 53371 28 53062 29 51214 30 33188 31 61620 32 14751 33 74204 34 61744 35 90607 36 71699 37 20770 38 70176 39 57160 40 101222 41 54404 42 70629 
1 53191 2 75891 3 73907 4 70995 5 57853 6 75635 7 70678 8 61689 9 60599 10 74739 12 98550 13 101222 14 101222 15 101222 16 101222 17 101222 18 51706 19 101222 20 101222 21 45410 22 32475 23 35146 24 36826 25 39758 26 27633 27 35871 28 37276 29 34010 30 16635 31 35989 32 24048 33 70181 34 80503 35 71586 36 62759 37 15668 38 91160 39 78418 40 73512 41 79195 42 98779 
1 46836 2 68311 3 66065 4 63807 5 50799 6 68093 7 63587 8 54273 9 56173 10 67055 11 98550 13 98086 14 99112 15 98973 16 97687 17 98929 18 46795 19 98233 20 98252 21 39854 22 28669 23 31184 24 32627 25 34920 26 25030 27 31479 28 32807 29 29960 30 14913 31 27108 32 19446 33 56028 34 73315 35 66741 36 64200 38 93905 39 81508 40 66664 41 81689 42 101222 
1 51750 2 74638 3 72527 4 69854 5 56634 6 74231 7 69585 8 60776 9 59496 10 72998 11 101222 12 98086 14 101222 15 101222 16 101222 17 101222 18 50035 19 101222 20 101222 21 44153 22 31786 23 34591 24 36116 25 38697 26 27563 27 34959 28 36326 29 33227 30 16515 31 34728 32 22663 33 68556 34 79727 35 71436 36 62071 37 11780 38 90757 39 78246 40 72491 41 78505 42 98489 
1 71563 2 84546 3 84399 4 80092 5 63912 6 86373 7 79552 8 67898 9 71654 10 83223 11 101222 12 99112 13 101222 15 101222 16 101222 17 101222 18 63693 19 101222 20 101222 21 63471 22 45122 23 48982 24 51055 25 55321 26 38625 27 49696 28 51804 29 47198 30 23132 31 40885 32 27809 33 74454 34 83043 35 74627 36 68589 37 21072 38 92390 39 80878 40 81201 41 80914 42 99459 
1 62962 2 80466 3 78500 4 75691 5 60074 6 81193 7 75666 8 64671 9 66397 10 78360 11 101222 12 98973 13 101222 14 101222 16 101222 17 101222 18 59322 19 101222 20 101222 21 56061 22 39815 23 43084 24 45573 25 48576 26 34253 27 43846 28 45952 29 41661 30 20360 31 39274 32 26398 33 72657 34 81798 35 73184 36 65927 37 19215 38 92175 39 79505 40 77462 41 80531 42 99171 
1 38994 2 66337 3 62688 4 61527 5 49996 6 64765 7 61732 8 55655 9 50077 10 59302 11 101222 12 97687 13 101222 14 101222 15 101222 17 101222 18 41093 19 101222 20 101222 21 36311 22 25070 23 27885 24 29667 25 29964 26 23745 27 27357 28 29199 29 26410 30 14903 31 30611 32 18362 33 64694 34 76382 35 67033 36 57343 37 11367 38 89041 39 75434 40 64255 41 75665 42 97760 
1 74580 2 83161 3 82947 4 80153 5 62751 6 85838 7 79810 8 66964 9 72584 10 81883 11 101222 12 98929 13 101222 14 101222 15 101222 16 101222 18 76084 19 101222 20 101222 21 71278 22 50136 23 54315 24 57581 25 60860 26 43962 27 54756 28 57081 29 52062 30 25805 31 40182 32 26472 33 72954 34 81881 35 74332 36 69625 37 20054 38 92244 39 80869 40 80998 41 80939 42 99320 
1 87305 2 61846 3 65779 4 67977 5 51570 6 69642 7 64792 8 53175 9 78663 10 60118 11 51706 12 46795 13 50035 14 63693 15 59322 16 41093 17 76084 19 52277 20 46592 21 95308 22 92341 23 93105 24 93382 25 93303 26 92087 27 92733 28 93047 29 92551 30 86060 31 21737 32 11927 33 37647 34 31280 35 37782 36 55836 37 14251 38 37108 39 30114 40 60284 41 30059 42 49458 
1 54736 2 76136 3 74318 4 71450 5 57729 6 76069 7 71152 8 61927 9 61394 10 74714 11 101222 12 98233 13 101222 14 101222 15 101222 16 101222 17 101222 18 52277 20 101222 21 46891 22 33756 23 36704 24 38310 25 41121 26 29176 27 37133 28 38566 29 35276 30 17457 31 35617 32 23405 33 69223 34 80198 35 72158 36 63085 37 13142 38 91084 39 78702 40 73944 41 79045 42 98643 
1 47240 2 73406 3 70920 4 68218 5 55799 6 72428 7 68005 8 60061 9 57181 10 72445 11 101222 12 98252 13 101222 14 101222 15 101222 16 101222 17 101222 18 46592 19 101222 21 39387 22 28273 23 30630 24 31956 25 34557 26 23817 27 31246 28 32358 29 29556 30 14516 31 34496 32 22894 33 68462 34 79624 35 70513 36 60145 37 12998 38 90613 39 77493 40 71090 41 78278 42 98444 
1 96348 2 65196 3 70008 4 74094 5 46410 6 79263 7 69032 8 49000 9 80944 10 63416 11 45410 12 39854 13 44153 14 63471 15 56061 16 36311 17 71278 18 95308 19 46891 20 39387 22 101222 23 101222 24 101222 25 101222 26 101222 27 101222 28 101222 29 101222 30 98696 31 21669 32 13777 33 34990 34 26622 35 31269 36 59787 37 16537 38 17780 39 26113 40 62164 41 23340 42 44693 
1 89895 2 50713 3 55768 4 59211 5 38938 6 61447 7 54985 8 40996 9 70520 10 49915 11 32475 12 28669 13 31786 14 45122 15 39815 16 25070 17 50136 18 92341 19 33756 20 28273 21 101222 23 101222 24 101222 25 101222 26 101222 27 101222 28 101222 29 101222 30 97726 31 15376 32 9879 33 26502 34 19124 35 23706 36 49820 37 11861 38 19285 39 18583 40 48540 41 16666 42 32050 
1 91773 2 54345 3 59683 4 63208 5 40935 6 66467 7 58366 8 43274 9 73096 10 53653 11 35146 12 31184 13 34591 14 48982 15 43084 16 27885 17 54315 18 93105 19 36704 20 30630 21 101222 22 101222 24 101222 25 101222 26 101222 27 101222 28 101222 29 101222 30 97697 31 16925 32 10802 33 28599 34 20868 35 25581 36 52347 37 13016 38 21933 39 20136 40 51839 41 17796 42 34742 
1 91824 2 54674 3 59879 4 63651 5 40975 6 66865 7 59245 8 43277 9 73701 10 53647 11 36826 12 32627 13 36116 14 51055 15 45573 16 29667 17 57581 18 93382 19 38310 20 31956 21 101222 22 101222 23 101222 25 101222 26 101222 27 101222 28 101222 29 101222 30 97818 31 17309 32 11106 33 29114 34 21504 35 25854 36 52840 37 13227 38 22436 39 20614 40 52426 41 18753 42 36163 
1 92151 2 57892 3 62567 4 65510 5 42574 6 69095 7 61773 8 45021 9 75090 10 56516 11 39758 12 34920 13 38697 14 55321 15 48576 16 29964 17 60860 18 93303 19 41121 20 34557 21 101222 22 101222 23 101222 24 101222 26 101222 27 101222 28 101222 29 101222 30 98483 31 18502 32 11966 33 30946 34 23206 35 27448 36 52820 37 14290 38 23557 39 22656 40 55600 41 21008 42 38728 
1 89417 2 45544 3 51322 4 57134 5 36204 6 58402 7 50126 8 38244 9 67465 10 45045 11 27633 12 25030 13 27563 14 38625 15 34253 16 23745 17 43962 18 92087 19 29176 20 23817 21 101222 22 101222 23 101222 24 101222 25 101222 27 101222 28 101222 29 101222 30 97145 31 13537 32 8465 33 23602 34 16257 35 21022 36 45874 37 9938 38 19672 39 16729 40 45195 41 15351 42 27017 
1 91084 2 54255 3 59264 4 62266 5 40824 6 65231 7 58497 8 43080 9 72751 10 53371 11 35871 12 31479 13 34959 14 49696 15 43846 16 27357 17 54756 18 92733 19 37133 20 31246 21 101222 22 101222 23 101222 24 101222 25 101222 26 101222 28 101222 29 101222 30 97804 31 16876 32 10878 33 28633 34 21088 35 25644 36 50581 37 13058 38 21220 39 20585 40 51916 41 18484 42 35149 
1 91210 2 54454 3 59255 4 62859 5 40736 6 65987 7 58070 8 42979 9 72649 10 53062 11 37276 12 32807 13 36326 14 51804 15 45952 16 29199 17 57081 18 93047 19 38566 20 32358 21 101222 22 101222 23 101222 24 101222 25 101222 26 101222 27 101222 29 101222 30 98270 31 17160 32 11129 33 29052 34 21606 35 25675 36 50781 37 13174 38 22544 39 21494 40 52218 41 19354 42 36632 
1 90501 2 52225 3 57291 4 60801 5 39712 6 63392 7 56406 8 41892 9 71412 10 51214 11 34010 12 29960 13 33227 14 47198 15 41661 16 26410 17 52062 18 92551 19 35276 20 29556 21 101222 22 101222 23 101222 24 101222 25 101222 26 101222 27 101222 28 101222 30 97743 31 16069 32 10312 33 27442 34 19966 35 24565 36 49599 37 12313 38 20209 39 20043 40 50531 41 18149 42 33355 
1 80761 2 33275 3 39122 4 43950 5 30054 6 43594 7 37597 8 31045 9 54291 10 33188 11 16635 12 14913 13 16515 14 23132 15 20360 16 14903 17 25805 18 86060 19 17457 20 14516 21 98696 22 97726 23 97697 24 97818 25 98483 26 97145 27 97804 28 98270 29 97743 31 8044 32 5096 33 16200 34 9818 35 14513 36 38381 37 5982 38 13009 39 9128 40 32038 41 7788 42 16077 
1 39914 2 62222 3 62790 4 57332 5 66101 6 63195 7 61135 8 62243 9 44630 10 61620 11 35989 12 27108 13 34728 14 40885 15 39274 16 30611 17 40182 18 21737 19 35617 20 34496 21 21669 22 15376 23 16925 24 17309 25 18502 26 13537 27 16876 28 17160 29 16069 30 8044 32 6055 33 65920 34 57264 35 52023 36 27049 37 6104 38 34580 39 19937 40 60840 41 18551 42 30655 
1 15671 2 15819 3 16374 4 14298 5 9015 6 17076 7 14002 8 9536 9 13376 10 14751 11 24048 12 19446 13 22663 14 27809 15 26398 16 18362 17 26472 18 11927 19 23405 20 22894 21 13777 22 9879 23 10802 24 11106 25 11966 26 8465 27 10878 28 11129 29 10312 30 5096 31 6055 33 16736 34 20123 35 8001 36 9092 37 3752 38 13783 39 11999 40 13972 41 11824 42 22192 
1 48991 2 74904 3 72744 4 66879 5 72898 6 73043 7 70005 8 69631 9 58851 10 74204 11 70181 12 56028 13 68556 14 74454 15 72657 16 64694 17 72954 18 37647 19 69223 20 68462 21 34990 22 26502 23 28599 24 29114 25 30946 26 23602 27 28633 28 29052 29 27442 30 16200 31 65920 32 16736 34 91200 35 72253 36 36875 37 7192 38 52177 39 37866 40 73405 41 36429 42 64422 
1 37439 2 62526 3 59847 4 53694 5 59276 6 60525 7 57029 8 56314 9 44904 10 61744 11 80503 12 73315 13 79727 14 83043 15 81798 16 76382 17 81881 18 31280 19 80198 20 79624 21 26622 22 19124 23 20868 24 21504 25 23206 26 16257 27 21088 28 21606 29 19966 30 9818 31 57264 32 20123 33 91200 35 62708 36 38557 37 7660 38 64024 39 49057 40 60869 41 49112 42 75306 
1 53089 2 90809 3 87550 4 83370 5 76245 6 87815 7 86919 8 81040 9 68379 10 90607 11 71586 12 66741 13 71436 14 74627 15 73184 16 67033 17 74332 18 37782 19 72158 20 70513 21 31269 22 23706 23 25581 24 25854 25 27448 26 21022 27 25644 28 25675 29 24565 30 14513 31 52023 32 8001 33 72253 34 62708 36 55550 37 27269 38 71544 39 57298 40 91995 41 57022 42 72732 
1 60137 2 72263 3 69783 4 69425 5 56711 6 72047 7 68862 8 62226 9 65344 10 71699 11 62759 12 64200 13 62071 14 68589 15 65927 16 57343 17 69625 18 55836 19 63085 20 60145 21 59787 22 49820 23 52347 24 52840 25 52820 26 45874 27 50581 28 50781 29 49599 30 38381 31 27049 32 9092 33 36875 34 38557 35 55550 37 10305 38 68850 39 79314 40 76607 41 79674 42 65415 
1 22906 2 22938 3 22950 4 22087 5 10632 6 24708 7 21856 9 21534 10 20770 11 15668 13 11780 14 21072 15 19215 16 11367 17 20054 18 14251 19 13142 20 12998 21 16537 22 11861 23 13016 24 13227 25 14290 26 9938 27 13058 28 13174 29 12313 30 5982 31 6104 32 3752 33 7192 34 7660 35 27269 36 10305 38 10128 39 8133 40 32050 41 8639 42 12909 
1 39792 2 71036 3 67850 4 65631 5 55901 6 68442 7 66070 8 60852 9 54351 10 70176 11 91160 12 93905 13 90757 14 92390 15 92175 16 89041 17 92244 18 37108 19 91084 20 90613 21 17780 22 19285 23 21933 24 22436 25 23557 26 19672 27 21220 28 22544 29 20209 30 13009 31 34580 32 13783 33 52177 34 64024 35 71544 36 68850 37 10128 39 90398 40 69035 41 88460 42 95447 
1 32920 2 57308 3 54902 4 53523 5 41503 6 56172 7 53203 8 47517 9 44515 10 57160 11 78418 12 81508 13 78246 14 80878 15 79505 16 75434 17 80869 18 30114 19 78702 20 77493 21 26113 22 18583 23 20136 24 20614 25 22656 26 16729 27 20585 28 21494 29 20043 30 9128 31 19937 32 11999 33 37866 34 49057 35 57298 36 79314 37 8133 38 90398 40 63130 41 101222 42 81915 
1 79058 2 101222 3 99280 4 96614 5 91051 6 99415 7 98883 8 94778 9 86669 10 101222 11 73512 12 66664 13 72491 14 81201 15 77462 16 64255 17 80998 18 60284 19 73944 20 71090 21 62164 22 48540 23 51839 24 52426 25 55600 26 45195 27 51916 28 52218 29 50531 30 32038 31 60840 32 13972 33 73405 34 60869 35 91995 36 76607 37 32050 38 69035 39 63130 41 53357 42 70951 
1 29570 2 55220 3 51545 4 50105 5 40032 6 52688 7 50050 8 44652 9 41099 10 54404 11 79195 12 81689 13 78505 14 80914 15 80531 16 75665 17 80939 18 30059 19 79045 20 78278 21 23340 22 16666 23 17796 24 18753 25 21008 26 15351 27 18484 28 19354 29 18149 30 7788 31 18551 32 11824 33 36429 34 49112 35 57022 36 79674 37 8639 38 88460 39 101222 40 53357 42 85430 
1 52239 2 71955 3 70351 4 67839 5 52932 6 72279 7 67189 8 57298 9 60088 10 70629 11 98779 12 101222 13 98489 14 99459 15 99171 16 97760 17 99320 18 49458 19 98643 20 98444 21 44693 22 32050 23 34742 24 36163 25 38728 26 27017 27 35149 28 36632 29 33355 30 16077 31 30655 32 22192 33 64422 34 75306 35 72732 36 65415 37 12909 38 95447 39 81915 40 70951 41 85430 
